%YAML:1.0

URICamera0: "URI0"
URICamera1: "URI1"
URICamera2: "URI2"
URICamera3: "URI3"

transformMatrix0: !!opencv-matrix
   rows: 4
   cols: 4
   dt: f
   data: [ -7.07106769e-01, 5.00000000e-01, 5.00000000e-01, 0.,
            7.07106769e-01, 5.00000000e-01, 5.00000000e-01, 0.,
            0., 7.07106769e-01, -7.07106769e-01, 0.,
            0., 0., 0., 1. ]

transformMatrix1: !!opencv-matrix
   rows: 4
   cols: 4
   dt: f
   data: [ -7.07106769e-01, -5.00000000e-01, -5.00000000e-01, 0.,
           -7.07106769e-01, 5.00000000e-01, 5.00000000e-01, 0.,
           0., 7.07106769e-01, -7.07106769e-01,
           0., 0., 0., 0., 1. ]

transformMatrix2: !!opencv-matrix
   rows: 4
   cols: 4
   dt: f
   data: [ 7.07106769e-01, -5.00000000e-01, -0.5, 0.,
           -7.07106769e-01, -5.00000000e-01, -0.5, 0.,
           0., 7.07106769e-01, -7.07106769e-01, 0.,
           0., 0., 0., 1. ]

transformMatrix3: !!opencv-matrix
   rows: 4
   cols: 4
   dt: f
   data: [ 7.07106769e-01, 5.00000000e-01, 5.00000000e-01, 0.,
           7.07106769e-01, -5.00000000e-01, -5.00000000e-01, 0.,
           0., 7.07106769e-01, -7.07106769e-01, 0.,
           0., 0., 0., 1. ]
