%YAML:1.0

URLCamera0: ""
URLCamera1: ""
URLCamera2: ""
URLCamera3: ""

transformMatrix0: !!opencv-matrix
   rows: 4
   cols: 4
   dt: f # o ci va d??
   data: [ -0.70710678118, 0.5, 0.5, 0.,
            0.70710678118, 0.5, 0.5, 0.,
            0., 0.70710678118, -0.70710678118,
            0., 0., 0., 0., 1. ]

transformMatrix1: !!opencv-matrix
   rows: 4
   cols: 4
   dt: f # o ci va d??
   data: [ -0.70710678118, -0.5, -0.5, 0.,
           -0.70710678118, 0.5, 0.5, 0.,
           0., 0.70710678118, -0.70710678118,
           0., 0., 0., 0., 1. ]

transformMatrix2: !!opencv-matrix
   rows: 4
   cols: 4
   dt: f # o ci va d??
   data: [ 0.70710678118, -0.5, -0.5, 0.,
           -0.70710678118, -0.5, -0.5, 0.,
           0., 0.70710678118, -0.70710678118, 0.,
           0., 0., 0., 1. ]

transformMatrix3: !!opencv-matrix
   rows: 4
   cols: 4
   dt: f # o ci va d??
   data: [ 0.70710678118, 0.5, 0.5, 0.,
           0.70710678118, -0.5, -0.5, 0.,
           0., 0.70710678118, -0.70710678118, 0.,
           0., 0., 0., 1. ]
