%YAML:1.0

URICamera0: "\\\\?\\usb#vid_1d27&pid_0600#6&8c0b21e&0&1#{c3b5f022-5a42-1980-1909-ea72095601b1}"
URICamera1: "\\\\?\\usb#vid_1d27&pid_0600#6&3327d220&0&1#{c3b5f022-5a42-1980-1909-ea72095601b1}"
URICamera2: "\\\\?\\usb#vid_1d27&pid_0600#6&f0ab65f&0&1#{c3b5f022-5a42-1980-1909-ea72095601b1}"
URICamera3: "\\\\?\\usb#vid_1d27&pid_0601&mi_00#7&26e6f9c2&0&0000#{c3b5f022-5a42-1980-1909-ea72095601b1}"

transformMatrix0: !!opencv-matrix
   rows: 4
   cols: 4
   dt: f
   data: [ -7.07106769e-01, 5.00000000e-01, 5.00000000e-01, -0.48,
            7.07106769e-01, 5.00000000e-01, 5.00000000e-01, -0.52,
            0., 7.07106769e-01, -7.07106769e-01, 0.65,
            0., 0., 0., 1. ]

transformMatrix1: !!opencv-matrix
   rows: 4
   cols: 4
   dt: f
   data: [ -7.07106769e-01, -5.00000000e-01, -5.00000000e-01, 0.48,
           -7.07106769e-01, 5.00000000e-01, 5.00000000e-01, -0.52,
           0., 7.07106769e-01, -7.07106769e-01, 0.65,
           0., 0., 0., 1. ]

transformMatrix2: !!opencv-matrix
   rows: 4
   cols: 4
   dt: f
   data: [ 7.07106769e-01, -5.00000000e-01, -0.5, 0.48,
           -7.07106769e-01, -5.00000000e-01, -0.5, 0.52,
           0., 7.07106769e-01, -7.07106769e-01, 0.65,
           0., 0., 0., 1. ]

transformMatrix3: !!opencv-matrix
   rows: 4
   cols: 4
   dt: f
   data: [ 7.07106769e-01, 5.00000000e-01, 5.00000000e-01, -0.48,
           7.07106769e-01, -5.00000000e-01, -5.00000000e-01, 0.52,
           0., 7.07106769e-01, -7.07106769e-01, 0.65,
           0., 0., 0., 1. ]
